-------------------------------------------
|            Входные данные               |
-------------------------------------------
X нач. = 0
X кон. = 100
dX = 0.1
Точн. = 1e-16

-------------------------------------------
|    X   |  Done  |    S    |  Count Iter |
-------------------------------------------
|0|true |1|2|
|0.1|true |0.8143536762|12|
|0.2|true |0.6549846025|14|
|0.3|true |0.5185727545|15|
|0.4|true |0.4021920276|16|
|0.5|true |0.3032653299|17|
|0.6|true |0.2195246544|18|
|0.7|true |0.1489755911|19|
|0.8|true |0.08986579282|19|
|0.9|true |0.04065696597|20|
|1|true |-6.046927898e-17|21|
|1.1|true |-0.03328710837|21|
|1.2|true |-0.06023884238|22|
|1.3|true |-0.08175953791|23|
|1.4|true |-0.09863878558|23|
|1.5|true |-0.1115650801|24|
|1.6|true |-0.1211379108|24|
|1.7|true |-0.1278784668|25|
|1.8|true |-0.1322391106|25|
|1.9|true |-0.1346117573|26|
|2|true |-0.1353352832|26|
|2.1|true |-0.1347020711|27|
|2.2|true |-0.13296379|27|
|2.3|true |-0.1303364968|28|
|2.4|true |-0.1270051346|28|
|2.5|true |-0.1231274979|29|
|2.6|true |-0.1188377251|29|
|2.7|true |-0.1142493717|30|
|2.8|true |-0.1094581127|30|
|2.9|true |-0.1045441181|30|
|3|true |-0.09957413674|31|
|3.1|true |-0.09460332503|31|
|3.2|true |-0.08967684875|32|
|3.3|true |-0.08483128502|32|
|3.4|true |-0.0800958479|33|
|3.5|true |-0.07549345856|33|
|3.6|true |-0.07104167836|33|
|3.7|true |-0.06675352147|34|
|3.8|true |-0.0626381612|34|
|3.9|true |-0.05870154319|35|
|4|true |-0.05494691667|35|
|4.1|true |-0.05137529375|35|
|4.2|true |-0.04798584583|36|
|4.3|true |-0.04477624474|36|
|4.4|true |-0.04174295567|37|
|4.5|true |-0.03888148788|37|
|4.6|true |-0.03618660868|37|
|4.7|true |-0.03365252528|38|
|4.8|true |-0.03127303879|38|
|4.9|true |-0.02904167398|38|
|5|true |-0.026951788|39|
|5.1|true |-0.02499666092|39|
|5.2|true |-0.02316957057|40|
|5.3|true |-0.0214638538|40|
|5.4|true |-0.01987295615|40|
|5.5|true |-0.01839047147|41|
|5.6|true |-0.0170101731|41|
|5.7|true |-0.01572603765|41|
|5.8|true |-0.01453226278|42|
|5.9|true |-0.01342327961|42|
|6|true |-0.01239376088|43|
|6.1|true |-0.01143862537|43|
|6.2|true |-0.01055303931|43|
|6.3|true |-0.009732415318|44|
|6.4|true |-0.008972409275|44|
|6.5|true |-0.008268915561|44|
|6.6|true |-0.00761806101|45|
|6.7|true |-0.007016197845|45|
|6.8|true |-0.006459895858|45|
|6.9|true |-0.005945934031|46|
|7|true |-0.005471291793|46|
|7.1|true |-0.005033140032|46|
|7.2|true |-0.004628832012|47|
|7.3|true |-0.004255894283|47|
|7.4|true |-0.003912017671|47|
|7.5|true |-0.003595048406|48|
|7.6|true |-0.003302979461|48|
|7.7|true |-0.003033942126|48|
|7.8|true |-0.002786197857|49|
|7.9|true |-0.002558130429|49|
|8|true |-0.002348238395|49|
|8.1|true |-0.00215512788|50|
|8.2|true |-0.001977505703|50|
|8.3|true |-0.001814172838|50|
|8.4|true |-0.001664018199|51|
|8.5|true |-0.001526012768|51|
|8.6|true |-0.001399204032|51|
|8.7|true |-0.001282710744|52|
|8.8|true |-0.001175717986|52|
|8.9|true |-0.00107747252|52|
|9|true |-0.0009872784315|53|
|9.1|true |-0.0009044930482|53|
|9.2|true |-0.0008285230968|53|
|9.3|true |-0.0007588211219|54|
|9.4|true |-0.0006948821489|54|
|9.5|true |-0.0006362405553|54|
|9.6|true |-0.0005824671357|55|
|9.7|true |-0.0005331664053|55|
|9.8|true |-0.0004879740747|55|
|9.9|true |-0.0004465546694|56|
|10|true |-0.00040859937|56|
|10.1|true |-0.0003738239522|56|
|10.2|true |-0.0003419669372|57|
|10.3|true |-0.0003127877829|57|
|10.4|true |-0.0002860653372|57|
|10.5|true |-0.0002615962664|58|
|10.6|true |-0.0002391936798|58|
|10.7|true |-0.0002186858976|58|
|10.8|true |-0.0001999151338|59|
|10.9|true |-0.0001827365215|59|
|11|true |-0.0001670170107|59|
|11.1|true |-0.0001526344641|60|
|11.2|true |-0.0001394768156|60|
|11.3|true |-0.0001274411318|60|
|11.4|true |-0.0001164330348|60|
|11.5|true |-0.0001063659827|61|
|11.6|true |-9.716054562e-05|61|
|11.7|true |-8.874387534e-05|61|
|11.8|true |-8.104923652e-05|62|
|11.9|true |-7.401540651e-05|62|
|12|true |-6.758629675e-05|62|
|12.1|true |-6.171058169e-05|63|
|12.2|true |-5.634105495e-05|63|
|12.3|true |-5.143475181e-05|63|
|12.4|true |-4.695188753e-05|64|
|12.5|true |-4.285649178e-05|64|
|12.6|true |-3.911537434e-05|64|
|12.7|true |-3.569826349e-05|65|
|12.8|true |-3.25771409e-05|65|
|12.9|true |-2.97268713e-05|65|
|13|true |-2.71240055e-05|66|
|13.1|true |-2.474741715e-05|66|
|13.2|true |-2.257740926e-05|66|
|13.3|true |-2.059616842e-05|66|
|13.4|true |-1.878782775e-05|67|
|13.5|true |-1.71369273e-05|67|
|13.6|true |-1.563028014e-05|67|
|13.7|true |-1.425488986e-05|68|
|13.8|true |-1.299991729e-05|68|
|13.9|true |-1.185486818e-05|68|
|14|true |-1.081001998e-05|69|
|14.1|true |-9.85623056e-06|69|
|14.2|true |-8.986699283e-06|69|
|14.3|true |-8.193167988e-06|70|
|14.4|true |-7.468954098e-06|70|
|14.5|true |-6.808840742e-06|70|
|14.6|true |-6.207079171e-06|70|
|14.7|true |-5.656731126e-06|71|
|14.8|true |-5.156695225e-06|71|
|14.9|true |-4.699624522e-06|71|
|15|true |-4.282442398e-06|72|
|15.1|true |-3.902209613e-06|72|
|15.2|true |-3.557211896e-06|72|
|15.3|true |-3.239969584e-06|73|
|15.4|true |-2.951557884e-06|73|
|15.5|true |-2.691872801e-06|73|
|15.6|true |-2.45207421e-06|73|
|15.7|true |-2.233522181e-06|74|
|15.8|true |-2.034740338e-06|74|
|15.9|true |-1.853121998e-06|74|
|16|true |-1.68657556e-06|75|
|16.1|true |-1.535805497e-06|75|
|16.2|true |-1.401881321e-06|75|
|16.3|true |-1.272945875e-06|76|
|16.4|true |-1.167064302e-06|76|
|16.5|true |-1.060980101e-06|76|
|16.6|true |-9.631264787e-07|76|
|16.7|true |-8.779028178e-07|77|
|16.8|true |-8.004288711e-07|77|
|16.9|true |-7.221310029e-07|77|
|17|true |-6.663279597e-07|78|
|17.1|true |-6.00272295e-07|78|
|17.2|true |-5.491201507e-07|78|
|17.3|true |-4.956577075e-07|79|
|17.4|true |-4.609900283e-07|79|
|17.5|true |-4.144240511e-07|79|
|17.6|true |-3.756279792e-07|79|
|17.7|true |-3.389735904e-07|80|
|17.8|true |-3.051376368e-07|80|
|17.9|true |-2.84110926e-07|80|
|18|true |-2.658772933e-07|81|
|18.1|true |-2.451538215e-07|81|
|18.2|true |-2.321817642e-07|81|
|18.3|true |-1.989528041e-07|82|
|18.4|true |-2.03868489e-07|82|
|18.5|true |-1.850585167e-07|82|
|18.6|true |-1.555295479e-07|82|
|18.7|true |-1.319185811e-07|83|
|18.8|true |-1.117544013e-07|83|
|18.9|true |-1.61531189e-07|83|
|19|true |-5.681833385e-08|84|
|19.1|true |-4.427166388e-08|84|
|19.2|true |-3.839107012e-08|84|
|19.3|true |-5.807557074e-08|85|
|19.4|true |-1.119868836e-07|85|
|19.5|true |-1.299595076e-07|85|
|19.6|true |-7.148962111e-08|85|
|19.7|true |-4.198368038e-08|86|
|19.8|true |4.216274207e-08|86|
|19.9|true |8.915393586e-08|86|
|20|true |-1.198622614e-07|87|
|20.1|true |-2.149363525e-07|87|
|20.2|true |-7.68965692e-08|87|
|20.3|true |1.589184813e-07|87|
|20.4|true |-3.491357739e-08|88|
|20.5|true |-2.512763177e-07|88|
|20.6|true |6.007001131e-08|88|
|20.7|true |-2.72929333e-07|89|
|20.8|true |8.621071927e-08|89|
|20.9|true |-5.742766585e-09|89|
|21|true |-1.141079247e-07|90|
|21.1|true |4.682214815e-07|90|
|21.2|true |1.720757623e-08|90|
|21.3|true |2.808600248e-08|90|
|21.4|true |2.970076191e-07|91|
|21.5|true |1.970845305e-07|91|
|21.6|true |1.649364738e-07|91|
|21.7|true |-1.042674457e-06|92|
|21.8|true |-1.068379031e-06|92|
|21.9|true |-7.438232266e-07|92|
|22|true |-9.40216163e-07|92|
|22.1|true |-1.571816211e-06|93|
|22.2|true |-1.057883124e-06|93|
|22.3|true |-1.789044173e-07|93|
|22.4|true |1.461729873e-07|94|
|22.5|true |1.52320837e-06|94|
|22.6|true |3.152344966e-07|94|
|22.7|true |-7.644086941e-07|95|
|22.8|true |-9.98841036e-07|95|
|22.9|true |-1.46935361e-06|95|
|23|true |-4.354782051e-06|95|
|23.1|true |1.436966977e-07|96|
|23.2|true |-1.572281763e-06|96|
|23.3|true |-1.409300943e-06|96|
|23.4|true |-3.294652424e-07|97|
|23.5|true |-6.298914477e-08|97|
|23.6|true |1.278959974e-06|97|
|23.7|true |2.953159682e-06|97|
|23.8|true |-4.336671952e-06|98|
|23.9|true |-4.48936187e-06|98|
|24|true |5.563520956e-07|98|
|24.1|true |8.534849658e-07|99|
|24.2|true |9.201057822e-06|99|
|24.3|true |1.561162734e-08|99|
|24.4|true |-3.360755939e-06|99|
|24.5|true |-6.409081462e-06|100|
|24.6|true |-1.395219722e-05|100|
|24.7|true |-1.17366719e-05|100|
|24.8|true |-1.33184559e-05|101|
|24.9|true |7.802990294e-06|101|
|25|true |-2.086034367e-06|101|
|25.1|true |-1.937731815e-05|102|
|25.2|true |1.854601177e-05|102|
|25.3|true |1.046051401e-05|102|
|25.4|true |-8.267196746e-06|102|
|25.5|true |1.55682575e-05|103|
|25.6|true |-3.818129598e-05|103|
|25.7|true |4.841286863e-05|103|
|25.8|true |-3.760915083e-05|104|
|25.9|true |5.756242246e-05|104|
|26|true |1.069164069e-05|104|
|26.1|true |4.667781872e-05|104|
|26.2|true |3.998008948e-05|105|
|26.3|true |-6.581805335e-05|105|
|26.4|true |9.997915739e-05|105|
|26.5|true |6.198798437e-05|106|
|26.6|true |9.818806291e-06|106|
|26.7|true |-1.523634029e-05|106|
|26.8|true |-8.761309145e-05|106|
|26.9|true |1.047978267e-05|107|
|27|true |0.0001210070575|107|
|27.1|true |5.139597742e-05|107|
|27.2|true |-2.672503117e-06|108|
|27.3|true |-4.574437322e-05|108|
|27.4|true |6.398598628e-05|108|
|27.5|true |4.935899261e-05|108|
|27.6|true |-3.075038019e-05|109|
|27.7|true |-0.000282507003|109|
|27.8|true |-1.199392587e-05|109|
|27.9|true |-8.917556083e-06|110|
|28|true |0.00029922856|110|
|28.1|true |0.0002155708732|110|
|28.2|true |0.0001832477087|110|
|28.3|true |-0.001094125972|111|
|28.4|true |0.0006916701192|111|
|28.5|true |7.445287664e-05|111|
|28.6|true |-0.0004796768655|112|
|28.7|true |-0.0003844101722|112|
|28.8|true |0.001064223675|112|
|28.9|true |0.001153773012|112|
|29|true |-3.308793365e-05|113|
|29.1|true |-0.002524363484|113|
|29.2|true |0.00125409968|113|
|29.3|true |-0.0002718115772|114|
|29.4|true |-0.0008105854311|114|
|29.5|true |-0.001765435646|114|
|29.6|true |-0.0001134420602|114|
|29.7|true |-0.002076731829|115|
|29.8|true |-0.001131898156|115|
|29.9|true |-0.002688431954|115|
|30|true |-0.0001200793121|116|
|30.1|true |-0.002654122186|116|
|30.2|true |0.003715574102|116|
|30.3|true |-0.001965715756|116|
|30.4|true |-0.0002743195601|117|
|30.5|true |0.002543081074|117|
|30.6|true |-0.001696118953|117|
|30.7|true |0.007826505417|118|
|30.8|true |-0.0003127278082|118|
|30.9|true |-0.001886594324|118|
|31|true |-0.0014409223|118|
|31.1|true |-0.003929467532|119|
|31.2|true |-0.0004987675062|119|
|31.3|true |0.006264453832|119|
|31.4|true |-0.01430774966|120|
|31.5|true |-0.01623765917|120|
|31.6|true |0.01114316358|120|
|31.7|true |0.01088228568|120|
|31.8|true |-0.02941557777|121|
|31.9|true |-0.03143890959|121|
|32|true |-0.01332860431|121|
|32.1|true |0.08227399197|122|
|32.2|true |-0.01606679771|122|
|32.3|true |-0.01507766759|122|
|32.4|true |0.03336147143|122|
|32.5|true |0.03202852216|123|
|32.6|true |-0.01736637856|123|
|32.7|true |-0.01226245692|123|
|32.8|true |0.046133946|124|
|32.9|true |-0.1157853257|124|
|33|true |0.05031630458|124|
|33.1|true |-0.03026089837|124|
|33.2|true |0.0280334137|125|
|33.3|true |-0.07029615795|125|
|33.4|true |-0.03456067531|125|
|33.5|true |0.1400304317|126|
|33.6|true |-0.001333496338|126|
|33.7|true |-0.1163333241|126|
|33.8|true |-0.004200453063|126|
|33.9|true |0.1526363755|127|
|34|true |-0.0315202508|127|
|34.1|true |0.1884737608|127|
|34.2|true |0.04484534271|128|
|34.3|true |-0.4156789091|128|
|34.4|true |0.5465546995|128|
|34.5|true |-0.3424094869|128|
|34.6|true |0.426915262|129|
|34.7|true |-0.2760494459|129|
|34.8|true |0.5142723939|129|
|34.9|true |0.9816666547|130|
|35|true |-0.09378161241|130|
|35.1|true |-0.3218402743|130|
|35.2|true |0.2075183438|130|
|35.3|true |0.4099380461|131|
|35.4|true |1.098766263|131|
|35.5|true |-0.0451952|131|
|35.6|true |-0.7611794025|131|
|35.7|true |1.482491269|132|
|35.8|true |-0.9038526478|132|
|35.9|true |0.4164372663|132|
|36|true |-1.500167669|133|
|36.1|true |-2.776521876|133|
|36.2|true |0.01901450764|133|
|36.3|true |-1.406089898|133|
|36.4|true |-1.334091054|134|
|36.5|true |4.094102443|134|
|36.6|true |-4.117935903|134|
|36.7|true |1.339518456|135|
|36.8|true |3.253175116|135|
|36.9|true |-1.449386966|135|
|37|true |-0.4500081298|135|
|37.1|true |8.380799692|136|
|37.2|true |3.750647512|136|
|37.3|true |-0.5247795898|136|
|37.4|true |9.444439831|137|
|37.5|true |3.572322823|137|
|37.6|true |15.34098782|137|
|37.7|true |8.458961099|137|
|37.8|true |14.05309355|138|
|37.9|true |10.08216051|138|
|38|true |1.892244096|138|
|38.1|true |-11.91625306|139|
|38.2|true |-5.786189018|139|
|38.3|true |-13.23203907|139|
|38.4|true |5.117011293|139|
|38.5|true |30.13249338|140|
|38.6|true |-6.775717318|140|
|38.7|true |-15.01519786|140|
|38.8|true |24.77173441|141|
|38.9|true |4.728248381|141|
|39|true |-19.14313106|141|
|39.1|true |14.60416124|141|
|39.2|true |42.46270275|142|
|39.3|true |-61.59161858|142|
|39.4|true |-0.2855907394|142|
|39.5|true |-10.47936955|142|
|39.6|true |30.65475637|143|
|39.7|true |10.14662295|143|
|39.8|true |-14.89108483|143|
|39.9|true |-22.35599718|144|
|40|true |-3.512698893|144|
|40.1|true |-44.42724849|144|
|40.2|true |-6.799834669|144|
|40.3|true |298.3979928|145|
|40.4|true |-82.49948749|145|
|40.5|true |59.65891423|145|
|40.6|true |-156.3276733|146|
|40.7|true |-193.0813824|146|
|40.8|true |-490.3106344|146|
|40.9|true |-133.8776888|146|
|41|true |236.896426|147|
|41.1|true |-258.7614386|147|
|41.2|true |-226.0554614|147|
|41.3|true |375.3198508|148|
|41.4|true |-5.624124536|148|
|41.5|true |199.3768904|148|
|41.6|true |333.1292996|148|
|41.7|true |414.0190984|149|
|41.8|true |-340.4579231|149|
|41.9|true |-696.2298479|149|
|42|true |-556.1402389|150|
|42.1|true |-92.84968673|150|
|42.2|true |406.9769609|150|
|42.3|true |-359.2922906|150|
|42.4|true |-348.7270108|151|
|42.5|true |-2434.027316|151|
|42.6|true |1006.653323|151|
|42.7|true |1214.111027|151|
|42.8|true |45.86694659|152|
|42.9|true |349.0297831|152|
|43|true |1631.315062|152|
|43.1|true |-1676.019595|153|
|43.2|true |5622.233669|153|
|43.3|true |1413.078067|153|
|43.4|true |2626.33264|153|
|43.5|true |2484.821823|154|
|43.6|true |880.9633639|154|
|43.7|true |-7061.512168|154|
|43.8|true |-4620.686274|155|
|43.9|true |-6940.920062|155|
|44|true |-2443.623775|155|
|44.1|true |3731.749033|155|
|44.2|true |1462.050134|156|
|44.3|true |-2026.053765|156|
|44.4|true |-8785.240558|156|
|44.5|true |-608.300964|157|
|44.6|true |9399.346841|157|
|44.7|true |11071.08986|157|
|44.8|true |36.50708757|157|
|44.9|true |4264.27153|158|
|45|true |-19832.45879|158|
|45.1|true |-10508.93286|158|
|45.2|true |15322.03875|158|
|45.3|true |10988.74314|159|
|45.4|true |-7371.473436|159|
|45.5|true |14556.54184|159|
|45.6|true |-1037.83991|160|
|45.7|true |-68191.78418|160|
|45.8|true |-18416.1537|160|
|45.9|true |23740.78271|160|
|46|true |13727.80627|161|
|46.1|true |57.28346436|161|
|46.2|true |48804.60344|161|
|46.3|true |63502.6541|162|
|46.4|true |-96122.44596|162|
|46.5|true |-13919.1512|162|
|46.6|true |-15840.48198|162|
|46.7|true |-35934.05367|163|
|46.8|true |151504.3304|163|
|46.9|true |15787.75243|163|
|47|true |8944.690382|164|
|47.1|true |-26501.99398|164|
|47.2|true |-132399.7389|164|
|47.3|true |44107.20711|164|
|47.4|true |-92745.46891|165|
|47.5|true |90962.86441|165|
|47.6|true |292642.4817|165|
|47.7|true |215119.4172|165|
|47.8|true |-212725.6038|166|
|47.9|true |259454.3791|166|
|48|true |-325295.516|166|
|48.1|true |-235731.0821|167|
|48.2|true |19549.21493|167|
|48.3|true |-1309095.102|167|
|48.4|true |395467.3004|167|
|48.5|true |-843007.8728|168|
|48.6|true |209309.6038|168|
|48.7|true |-173993.6796|168|
|48.8|true |-985973.6022|169|
|48.9|true |-341693.2697|169|
|49|true |-196367.5586|169|
|49.1|true |404578.4362|169|
|49.2|true |317879.203|170|
|49.3|true |1048853.279|170|
|49.4|true |607184.4883|170|
|49.5|true |222730.9583|170|
|49.6|true |-783284.2072|171|
|49.7|true |-1588680.095|171|
|49.8|true |-2123276.575|171|
|49.9|true |-2314768.783|172|
|50|true |-522563.6678|172|
|50.1|true |67170.04874|172|
|50.2|true |-1876994.954|172|
|50.3|true |-2321028.32|173|
|50.4|true |430103.2076|173|
|50.5|true |-7423460.325|173|
|50.6|true |717232.2892|174|
|50.7|true |643803.9199|174|
|50.8|true |3273159.477|174|
|50.9|true |-1526561.749|174|
|51|true |4108111.413|175|
|51.1|true |1186174.051|175|
|51.2|true |-3088869.464|175|
|51.3|true |7165305.263|175|
|51.4|true |3447262.882|176|
|51.5|true |1369867.936|176|
|51.6|true |4133372.403|176|
|51.7|true |1448542.297|177|
|51.8|true |-8043974.294|177|
|51.9|true |-5655612.082|177|
|52|true |-1781232.897|177|
|52.1|true |-4794148.865|178|
|52.2|true |-7467848.109|178|
|52.3|true |15606428.66|178|
|52.4|true |-3795076.411|179|
|52.5|true |-20167296.98|179|
|52.6|true |26035335.63|179|
|52.7|true |14691717.97|179|
|52.8|true |393431.5936|180|
|52.9|true |3921424.708|180|
|53|true |-36465196.04|180|
|53.1|true |-27457569.1|180|
|53.2|true |115664319.3|181|
|53.3|true |-25722844.48|181|
|53.4|true |19544166.85|181|
|53.5|true |-44707076.02|182|
|53.6|true |-43876850.87|182|
|53.7|true |236581458.1|182|
|53.8|true |-54004501.68|182|
|53.9|true |7896484.289|183|
|54|true |42811315.42|183|
|54.1|true |211539790.7|183|
|54.2|true |329350215.5|184|
|54.3|true |83445304.59|184|
|54.4|true |-330265358.1|184|
|54.5|true |52622633.02|184|
|54.6|true |94955800.52|185|
|54.7|true |-126191570|185|
|54.8|true |41690307.02|185|
|54.9|true |-43357054.41|186|
|55|true |-269129454|186|
|55.1|true |-522087940|186|
|55.2|true |-724468199.2|186|
|55.3|true |15335453.65|187|
|55.4|true |-117880070|187|
|55.5|true |22800065.6|187|
|55.6|true |97447937.49|187|
|55.7|true |-142111255.3|188|
|55.8|true |-493176510.9|188|
|55.9|true |371724897.2|188|
|56|true |1459941208|189|
|56.1|true |874696203.8|189|
|56.2|true |510087776.9|189|
|56.3|true |860485974.9|189|
|56.4|true |1161879647|190|
|56.5|true |-2043109635|190|
|56.6|true |-852673026.1|190|
|56.7|true |2590789638|190|
|56.8|true |3205099598|191|
|56.9|true |2476948067|191|
|57|true |1690129424|191|
|57.1|true |3539350771|192|
|57.2|true |-1863037883|192|
|57.3|true |2513830590|192|
|57.4|true |2316633256|192|
|57.5|true |4227391044|193|
|57.6|true |-271247447.2|193|
|57.7|true |2030722090|193|
|57.8|true |3974787565|194|
|57.9|true |4549444076|194|
|58|true |-9746061999|194|
|58.1|true |-7865488076|194|
|58.2|true |-3237034084|195|
|58.3|true |1647881744|195|
|58.4|true |4534719253|195|
|58.5|true |1.99326802e+10|195|
|58.6|true |359153602.7|196|
|58.7|true |-3568435604|196|
|58.8|true |-4598981037|196|
|58.9|true |828416020.3|197|
|59|true |-101709084.9|197|
|59.1|true |-1.222820417e+10|197|
|59.2|true |-2.747951531e+10|197|
|59.3|true |1.515892289e+10|198|
|59.4|true |-3340181199|198|
|59.5|true |-2.037975447e+10|198|
|59.6|true |5.793670445e+10|199|
|59.7|true |1.343488852e+10|199|
|59.8|true |-1.504346711e+10|199|
|59.9|true |2.743584715e+10|199|
|60|true |3670766380|200|
|60.1|true |1.227699564e+10|200|
|60.2|true |-9.735508112e+10|200|
|60.3|true |2.397110949e+11|200|
|60.4|true |1.314748863e+10|201|
|60.5|true |4.201220726e+10|201|
|60.6|true |1.158527832e+11|201|
|60.7|true |-1.182644273e+11|202|
|60.8|true |-2.901582448e+11|202|
|60.9|true |-1.728756709e+11|202|
|61|true |1.66726445e+10|202|
|61.1|true |-2.626015629e+11|203|
|61.2|true |-1209143087|203|
|61.3|true |4.304780461e+10|203|
|61.4|true |1.144450701e+11|204|
|61.5|true |-2.531252376e+11|204|
|61.6|true |-5.175878217e+11|204|
|61.7|true |4.214872594e+11|204|
|61.8|true |-3.941557116e+11|205|
|61.9|true |-2.630433744e+11|205|
|62|true |-4.362709644e+11|205|
|62.1|true |-6.439555683e+11|205|
|62.2|true |-4.386525569e+11|206|
|62.3|true |1.183146747e+12|206|
|62.4|true |-1.30044715e+11|206|
|62.5|true |3.537045708e+11|207|
|62.6|true |-1.198072194e+12|207|
|62.7|true |9.791989956e+11|207|
|62.8|true |-5.742892171e+11|207|
|62.9|true |4.384158362e+11|208|
|63|true |-5.720115194e+11|208|
|63.1|true |-9.981041334e+11|208|
|63.2|true |-1.299658078e+12|209|
|63.3|true |3.042290745e+12|209|
|63.4|true |-3.176195506e+12|209|
|63.5|true |1.13641531e+12|209|
|63.6|true |-1.145990689e+12|210|
|63.7|true |-1.108773377e+11|210|
|63.8|true |-1.378446295e+12|210|
|63.9|true |-7.721715293e+12|210|
|64|true |-1.887090823e+12|211|
|64.1|true |-4.620718273e+12|211|
|64.2|true |3.028251233e+12|211|
|64.3|true |-4.788173233e+12|212|
|64.4|true |-4.853207745e+11|212|
|64.5|true |6.203778387e+12|212|
|64.6|true |-1.406686468e+12|212|
|64.7|true |9.264648672e+11|213|
|64.8|true |-1.352556299e+12|213|
|64.9|true |1.055851441e+13|213|
|65|true |2.97523461e+12|213|
|65.1|true |1.096908695e+13|214|
|65.2|true |-2.426264096e+13|214|
|65.3|true |-1.59005681e+13|214|
|65.4|true |-1.885403126e+13|215|
|65.5|true |-3.165539142e+12|215|
|65.6|true |2.506302227e+13|215|
|65.7|true |1.397173086e+13|215|
|65.8|true |-1.452195711e+13|216|
|65.9|true |-1.473115662e+13|216|
|66|true |2.545552363e+13|216|
|66.1|true |-8.568183324e+12|217|
|66.2|true |-5.953468591e+13|217|
|66.3|true |-4.112565728e+11|217|
|66.4|true |3.174082713e+13|217|
|66.5|true |2.494227801e+13|218|
|66.6|true |-2.396823192e+13|218|
|66.7|true |6.422411679e+13|218|
|66.8|true |3.515705399e+13|218|
|66.9|true |1.295750636e+14|219|
|67|true |1.37727722e+14|219|
|67.1|true |-1.722299589e+14|219|
|67.2|true |7.891838113e+12|220|
|67.3|true |3.000643123e+13|220|
|67.4|true |1.769391216e+13|220|
|67.5|true |-2.714834765e+14|220|
|67.6|true |1.210232482e+14|221|
|67.7|true |2.321621958e+14|221|
|67.8|true |-1.675490453e+14|221|
|67.9|true |1.916797108e+14|221|
|68|true |-1.890143738e+14|222|
|68.1|true |1.212205906e+13|222|
|68.2|true |-1.275934249e+14|222|
|68.3|true |5.1937991e+14|223|
|68.4|true |-1.389405939e+13|223|
|68.5|true |-4.250471744e+13|223|
|68.6|true |-4.216396406e+14|223|
|68.7|true |2.984264386e+14|224|
|68.8|true |-1.661659429e+14|224|
|68.9|true |2.917825057e+14|224|
|69|true |1.2997897e+14|225|
|69.1|true |1.683258308e+14|225|
|69.2|true |1.248181526e+15|225|
|69.3|true |8.082567766e+14|225|
|69.4|true |-1.907160591e+15|226|
|69.5|true |-9.19631524e+14|226|
|69.6|true |-1.83129968e+14|226|
|69.7|true |1.433333734e+15|226|
|69.8|true |-1.284289018e+13|227|
|69.9|true |9.554151898e+14|227|
|70|true |3.683447968e+13|227|
|70.1|true |-6.545344767e+14|228|
|70.2|true |3.155162646e+15|228|
|70.3|true |1.448457565e+15|228|
|70.4|true |-2.00699933e+15|228|
|70.5|true |-1.404548514e+15|229|
|70.6|true |1.104699229e+15|229|
|70.7|true |-9.752841716e+15|229|
|70.8|true |9.766138214e+14|229|
|70.9|true |6.794792217e+15|230|
|71|true |2.639128555e+15|230|
|71.1|true |-1.07912174e+15|230|
|71.2|true |5.296590596e+15|231|
|71.3|true |5.089092468e+14|231|
|71.4|true |-5.629960362e+15|231|
|71.5|true |-2.368662934e+15|231|
|71.6|true |-6.962468088e+15|232|
|71.7|true |-7.491978375e+15|232|
|71.8|true |3.268723338e+15|232|
|71.9|true |-5.775413634e+15|233|
|72|true |1.357031115e+15|233|
|72.1|true |-2.448387212e+15|233|
|72.2|true |1.283210569e+16|233|
|72.3|true |-2.134332243e+15|234|
|72.4|true |3.671624916e+15|234|
|72.5|true |1.2655247e+16|234|
|72.6|true |-6.294683901e+15|234|
|72.7|true |6.088256763e+15|235|
|72.8|true |-3.274335413e+16|235|
|72.9|true |-2.347337506e+16|235|
|73|true |1.4940359e+16|236|
|73.1|true |1.371809656e+16|236|
|73.2|true |-3.019895191e+16|236|
|73.3|true |-2.592399981e+16|236|
|73.4|true |1.342805738e+17|237|
|73.5|true |-1.114430055e+15|237|
|73.6|true |4.849264783e+16|237|
|73.7|true |-6.833031586e+16|237|
|73.8|true |-7.554949451e+16|238|
|73.9|true |-2.30476433e+17|238|
|74|true |-5.286662356e+15|238|
|74.1|true |9.645174116e+16|239|
|74.2|true |1.028885833e+16|239|
|74.3|true |7.649902608e+16|239|
|74.4|true |1.009073663e+16|239|
|74.5|true |-1.377393588e+17|240|
|74.6|true |3.867613749e+14|240|
|74.7|true |2.408395762e+17|240|
|74.8|true |-4.757180816e+16|241|
|74.9|true |1.400268012e+17|241|
|75|true |1.325567423e+17|241|
|75.1|true |1.453778028e+17|241|
|75.2|true |-1.317605142e+17|242|
|75.3|true |-1.916783759e+17|242|
|75.4|true |1.279762724e+16|242|
|75.5|true |-2.733592545e+17|242|
|75.6|true |4.286827871e+17|243|
|75.7|true |2.570705336e+17|243|
|75.8|true |1.455335475e+17|243|
|75.9|true |-2.405625397e+17|244|
|76|true |5.964151839e+16|244|
|76.1|true |-3.106329782e+17|244|
|76.2|true |-8.99772815e+17|244|
|76.3|true |3.41355065e+17|245|
|76.4|true |-2.17415968e+17|245|
|76.5|true |-3.313358896e+17|245|
|76.6|true |4.097742577e+18|245|
|76.7|true |-2.860113187e+17|246|
|76.8|true |-1.06609405e+18|246|
|76.9|true |-7.406099219e+17|246|
|77|true |4.688579941e+17|247|
|77.1|true |-2.594896916e+18|247|
|77.2|true |-2.908483827e+18|247|
|77.3|true |8.92713177e+15|247|
|77.4|true |2.278941488e+18|248|
|77.5|true |2.074201113e+17|248|
|77.6|true |1.713348904e+17|248|
|77.7|true |-6.883534514e+17|249|
|77.8|true |-2.899146735e+18|249|
|77.9|true |-5.755474752e+18|249|
|78|true |-8.379146247e+18|249|
|78.1|true |-1.288309786e+18|250|
|78.2|true |-3.878592346e+18|250|
|78.3|true |3.982957047e+18|250|
|78.4|true |-1.247832025e+19|250|
|78.5|true |4.165626811e+18|251|
|78.6|true |-6.05197994e+18|251|
|78.7|true |-2.453603337e+18|251|
|78.8|true |-1.330173421e+19|252|
|78.9|true |1.570558071e+19|252|
|79|true |-6.17760861e+18|252|
|79.1|true |-5.136248742e+18|252|
|79.2|true |1.183785548e+18|253|
|79.3|true |-1.088296626e+19|253|
|79.4|true |1.399757092e+19|253|
|79.5|true |-1.371139362e+19|253|
|79.6|true |-1.040936843e+19|254|
|79.7|true |-6.896034484e+17|254|
|79.8|true |4.004652905e+19|254|
|79.9|true |2.20135658e+19|255|
|80|true |-2.458046384e+19|255|
|80.1|true |3.913903665e+18|255|
|80.2|true |3.504815489e+19|255|
|80.3|true |-7.914192855e+19|256|
|80.4|true |-5.392809185e+19|256|
|80.5|true |7.607114061e+19|256|
|80.6|true |-7.417572675e+19|256|
|80.7|true |-1.448207004e+20|257|
|80.8|true |6.697229356e+19|257|
|80.9|true |8.614494858e+19|257|
|81|true |-9.406096222e+19|258|
|81.1|true |-5.024098284e+19|258|
|81.2|true |-1.729480238e+20|258|
|81.3|true |1.542206147e+19|258|
|81.4|true |-2.853543232e+19|259|
|81.5|true |-1.435205181e+20|259|
|81.6|true |2.121560684e+20|259|
|81.7|true |-3.101911311e+19|260|
|81.8|true |-3.35160235e+20|260|
|81.9|true |2.745509474e+20|260|
|82|true |1.511038491e+19|260|
|82.1|true |2.912990079e+20|261|
|82.2|true |-9.949351416e+19|261|
|82.3|true |-1.977270033e+20|261|
|82.4|true |4.031303715e+19|261|
|82.5|true |2.20836879e+20|262|
|82.6|true |1.226618516e+20|262|
|82.7|true |-4.365633735e+20|262|
|82.8|true |2.020644001e+20|263|
|82.9|true |-6.280220948e+19|263|
|83|true |1.126633524e+21|263|
|83.1|true |-9.810519685e+20|263|
|83.2|true |7.927441573e+20|264|
|83.3|true |1.412613235e+21|264|
|83.4|true |-4.103920018e+20|264|
|83.5|true |-1.899190686e+21|264|
|83.6|true |9.587522843e+20|265|
|83.7|true |-1.274776412e+21|265|
|83.8|true |1.56045479e+21|265|
|83.9|true |-2.699677447e+21|266|
|84|true |1.055049027e+21|266|
|84.1|true |-1.424986357e+21|266|
|84.2|true |-3.251549228e+21|266|
|84.3|true |2.040564525e+21|267|
|84.4|true |-8.183756291e+20|267|
|84.5|true |-3.463660437e+20|267|
|84.6|true |-3.658091341e+21|267|
|84.7|true |4.567740362e+19|268|
|84.8|true |8.519262559e+20|268|
|84.9|true |-2.304513735e+21|268|
|85|true |-1.234295572e+22|269|
|85.1|true |-1.071671442e+20|269|
|85.2|true |1.394619939e+22|269|
|85.3|true |6.801143037e+21|269|
|85.4|true |-2.07058922e+21|270|
|85.5|true |-7.597202531e+20|270|
|85.6|true |-9.699454408e+21|270|
|85.7|true |2.181111217e+22|271|
|85.8|true |-1.214596821e+22|271|
|85.9|true |-4.760193724e+21|271|
|86|true |-6.610547575e+21|271|
|86.1|true |-1.760981981e+21|272|
|86.2|true |3.088935659e+22|272|
|86.3|true |4.037753621e+22|272|
|86.4|true |1.464735179e+22|272|
|86.5|true |-6.100195463e+21|273|
|86.6|true |-5.467764007e+22|273|
|86.7|true |-3.834540125e+22|273|
|86.8|true |-1.648304333e+21|274|
|86.9|true |1.131208083e+22|274|
|87|true |-1.108016339e+22|274|
|87.1|true |9.804938529e+22|274|
|87.2|true |1.202446062e+22|275|
|87.3|true |6.724524456e+22|275|
|87.4|true |9.733001636e+21|275|
|87.5|true |5.030177356e+20|275|
|87.6|true |-5.720332964e+22|276|
|87.7|true |-4.890068576e+22|276|
|87.8|true |9.737158146e+22|276|
|87.9|true |-6.041246459e+22|277|
|88|true |-1.045851699e+23|277|
|88.1|true |1.146583962e+23|277|
|88.2|true |1.294037838e+23|277|
|88.3|true |1.025380889e+23|278|
|88.4|true |2.581748225e+23|278|
|88.5|true |1.962981027e+23|278|
|88.6|true |1.374714445e+23|278|
|88.7|true |2.843741094e+22|279|
|88.8|true |7.872357916e+22|279|
|88.9|true |-3.782434285e+23|279|
|89|true |-3.38161024e+23|280|
|89.1|true |1.406692249e+23|280|
|89.2|true |5.37924251e+23|280|
|89.3|true |7.220334104e+23|280|
|89.4|true |4.855098515e+23|281|
|89.5|true |2.371152996e+23|281|
|89.6|true |5.460765112e+23|281|
|89.7|true |-8.410738578e+23|282|
|89.8|true |3.600549165e+23|282|
|89.9|true |-5.363671344e+23|282|
|90|true |-2.041521409e+23|282|
|90.1|true |-4.245479308e+23|283|
|90.2|true |-1.07441532e+24|283|
|90.3|true |-5.761983205e+23|283|
|90.4|true |-3.379888847e+23|283|
|90.5|true |1.340294153e+24|284|
|90.6|true |2.224502084e+23|284|
|90.7|true |-2.887325823e+24|284|
|90.8|true |-8.639721693e+22|285|
|90.9|true |1.220186973e+24|285|
|91|true |-5.662501921e+24|285|
|91.1|true |-8.773864038e+23|285|
|91.2|true |1.225280684e+24|286|
|91.3|true |7.088051313e+23|286|
|91.4|true |-1.406814162e+23|286|
|91.5|true |7.191675634e+24|286|
|91.6|true |3.480703693e+24|287|
|91.7|true |3.511049293e+24|287|
|91.8|true |-4.020959962e+24|287|
|91.9|true |-3.334609004e+24|288|
|92|true |-1.689375284e+25|288|
|92.1|true |-1.151003134e+24|288|
|92.2|true |3.154569392e+24|288|
|92.3|true |-3.945480784e+24|289|
|92.4|true |3.436604694e+24|289|
|92.5|true |1.286244343e+25|289|
|92.6|true |-1.029015097e+25|289|
|92.7|true |9.510390167e+24|290|
|92.8|true |7.817459554e+24|290|
|92.9|true |-9.695888782e+24|290|
|93|true |1.254132896e+25|291|
|93.1|true |8.740131676e+24|291|
|93.2|true |-3.218318702e+25|291|
|93.3|true |-4.551110588e+25|291|
|93.4|true |-2.882101747e+25|292|
|93.5|true |-4.501241176e+24|292|
|93.6|true |4.973716982e+25|292|
|93.7|true |9.268315943e+24|292|
|93.8|true |3.086492359e+25|293|
|93.9|true |4.623585703e+25|293|
|94|true |5.524877263e+25|293|
|94.1|true |-5.704410879e+25|294|
|94.2|true |-1.121393169e+26|294|
|94.3|true |-4.672096723e+25|294|
|94.4|true |9.105139196e+23|294|
|94.5|true |1.668097316e+25|295|
|94.6|true |5.93242625e+25|295|
|94.7|true |5.938485082e+25|295|
|94.8|true |6.658968716e+25|296|
|94.9|true |-6.511161993e+25|296|
|95|true |-1.920610546e+26|296|
|95.1|true |9.928933679e+25|296|
|95.2|true |-4.035936223e+25|297|
|95.3|true |4.261658319e+25|297|
|95.4|true |1.300476113e+26|297|
|95.5|true |-3.77927656e+25|297|
|95.6|true |8.181697848e+25|298|
|95.7|true |-2.137582149e+26|298|
|95.8|true |5.723378191e+26|298|
|95.9|true |-8.684248506e+24|299|
|96|true |4.747350772e+26|299|
|96.1|true |-3.778159224e+26|299|
|96.2|true |-9.512328015e+26|299|
|96.3|true |-7.385018284e+26|300|
|96.4|true |-2.40968502e+26|300|
|96.5|true |8.774659916e+22|300|
|96.6|true |-2.006248857e+26|300|
|96.7|true |9.005136938e+26|301|
|96.8|true |5.289039247e+26|301|
|96.9|true |2.552597419e+27|301|
|97|true |9.154689437e+26|302|
|97.1|true |5.085138171e+26|302|
|97.2|true |1.679200062e+26|302|
|97.3|true |-4.557071058e+26|302|
|97.4|true |-5.239177043e+27|303|
|97.5|true |-1.929424344e+26|303|
|97.6|true |4.831127924e+26|303|
|97.7|true |2.375956166e+27|303|
|97.8|true |1.23511625e+26|304|
|97.9|true |7.263739845e+27|304|
|98|true |-5.276948898e+27|304|
|98.1|true |5.153546035e+27|305|
|98.2|true |2.006371322e+27|305|
|98.3|true |-4.061157571e+26|305|
|98.4|true |-4.439953871e+27|305|
|98.5|true |-2.936922682e+27|306|
|98.6|true |3.012776636e+26|306|
|98.7|true |5.416156483e+27|306|
|98.8|true |2.067937703e+27|306|
|98.9|true |3.365256611e+27|307|
|99|true |8.215103711e+27|307|
|99.1|true |7.849509556e+27|307|
|99.2|true |-9.297795088e+27|308|
|99.3|true |-1.760854003e+28|308|
|99.4|true |9.061094713e+27|308|
|99.5|true |2.105674609e+27|308|
|99.6|true |-1.387937946e+28|309|
|99.7|true |-7.555240682e+27|309|
|99.8|true |1.392607768e+28|309|
|99.9|true |5.414528237e+27|310|
|100|true |1.066580092e+28|310|
